Demo2Tank 156 554 0 6.660 12.837 ERT
0	0
0.01	0.0002425686997
0.02	0.0004376254187
0.03	0.0007833144559
0.04	0.001382768407
0.05	0.00238405844
0.06	0.003956322229
0.07	0.006200510377
0.08	0.009003320054
0.09	0.0119737532
0.1	0.01462117157
0.11	0.0166403677
0.12	0.01800499022
0.13	0.01885351648
0.14	0.01935409071
0.15	0.0196402758
0.16	0.01980096396
0.17	0.01989027402
0.18	0.01993963167
0.19	0.01996682398
0.2	0.02
0.21	0.02
0.22	0.02
0.23	0.02
0.24	0.02
0.25	0.02
0.26	0.02
0.27	0.02
0.28	0.02
0.29	0.02
0.3	0.02
0.31	0.02
0.32	0.02
0.33	0.02
0.34	0.02
0.35	0.02
0.36	0.02
0.37	0.02
0.38	0.02
0.39	0.02
0.4	0.02
0.41	0.02
0.42	0.02
0.43	0.02
0.44	0.02
0.45	0.02
0.46	0.02
0.47	0.02
0.48	0.02
0.49	0.02
0.5	0.02
0.51	0.02
0.52	0.02
0.53	0.02
0.54	0.02
0.55	0.02
0.56	0.02
0.57	0.02
0.58	0.02
0.59	0.02
0.6	0.02
0.61	0.02
0.62	0.02
0.63	0.02
0.64	0.02
0.65	0.02
0.66	0.02
0.67	0.02
0.68	0.02
0.69	0.02
0.7	0.02
0.71	0.02
0.72	0.02
0.73	0.02
0.74	0.02
0.75	0.02
0.76	0.02
0.77	0.02
0.78	0.02
0.79	0.02
0.8	0.02
0.81	0.02
0.82	0.02
0.83	0.02
0.84	0.02
0.85	0.02
0.86	0.02
0.87	0.02
0.88	0.02
0.89	0.02
0.9	0.02
0.91	0.020375
0.92	0.0215
0.93	0.023375
0.94	0.026
0.95	0.029375
0.96	0.0335
0.97	0.038375
0.98	0.044
0.99	0.050375
1	0.0575
1.01	0.065375
1.02	0.074
1.03	0.083375
1.04	0.0935
1.05	0.104375
1.06	0.116
1.07	0.128375
1.08	0.1415
1.09	0.155375
1.1	0.17
1.110223267	0.1697147703
1.120446533	0.1694315746
1.1306698	0.1691503982
1.140893067	0.1688712268
1.151116334	0.1685940462
1.1613396	0.168318842
1.171562867	0.1680456003
1.181786134	0.1677743069
1.192009401	0.1675049481
1.202232667	0.16723751
1.212455934	0.166971979
1.222679201	0.1667083413
1.232902468	0.1664465836
1.243125734	0.1661866925
1.253349001	0.1659286545
1.263572268	0.1656724566
1.273795535	0.1654180855
1.284018801	0.1651655283
1.294242068	0.164914772
1.304465335	0.1646658038
1.314688602	0.1644186109
1.324911868	0.1641731807
1.335135135	0.1639295006
1.345358402	0.1636875581
1.355581669	0.1634473408
1.365804935	0.1632088365
1.376028202	0.1629720328
1.386251469	0.1627369178
1.396474736	0.1625034793
1.406698002	0.1622717054
1.416921269	0.1620415842
1.427144536	0.161813104
1.437367803	0.1615862529
1.447591069	0.1613610195
1.457814336	0.1611373922
1.468037603	0.1609153595
1.47826087	0.1606949101
1.488484136	0.1604760326
1.498707403	0.1602587159
1.50893067	0.1600429488
1.519153937	0.1598287203
1.529377203	0.1596160194
1.53960047	0.1594048352
1.549823737	0.159195157
1.560047004	0.1589869739
1.57027027	0.1587802752
1.580493537	0.1585750505
1.590716804	0.1583712892
1.600940071	0.1581689809
1.611163337	0.1579681152
1.621386604	0.1577686818
1.631609871	0.1575706705
1.641833137	0.1573740712
1.652056404	0.1571788738
1.662279671	0.1569850682
1.672502938	0.1567926447
1.682726204	0.1566015933
1.692949471	0.1564119042
1.703172738	0.1562235677
1.713396005	0.1560365742
1.723619271	0.1558509142
1.733842538	0.155666578
1.744065805	0.1554835562
1.754289072	0.1553018396
1.764512338	0.1551214187
1.774735605	0.1549422844
1.784958872	0.1547644274
1.795182139	0.1545878387
1.805405405	0.1544125091
1.815628672	0.1542384298
1.825851939	0.1540655919
1.836075206	0.1538939864
1.846298472	0.1537236045
1.856521739	0.1535544376
1.866745006	0.153386477
1.876968273	0.1532197141
1.887191539	0.1530541403
1.897414806	0.1528897472
1.907638073	0.1527265263
1.91786134	0.1525644693
1.928084606	0.152403568
1.938307873	0.1522438139
1.94853114	0.152085199
1.958754407	0.1519277152
1.968977673	0.1517713543
1.97920094	0.1516161084
1.989424207	0.1514619695
1.999647474	0.1513089298
2.00987074	0.1511569813
2.020094007	0.1510061163
2.030317274	0.1508563271
2.040540541	0.1507076061
2.050763807	0.1505599455
2.060987074	0.1504133378
2.071210341	0.1502677756
2.081433608	0.1501232513
2.091656874	0.1499797576
2.101880141	0.1498372871
2.112103408	0.1496958326
2.122326675	0.1495553867
2.132549941	0.1494159423
2.142773208	0.1492774922
2.152996475	0.1491400294
2.163219741	0.1490035468
2.173443008	0.1488680374
2.183666275	0.1487334943
2.193889542	0.1485999106
2.204112808	0.1484672795
2.214336075	0.1483355941
2.224559342	0.1482048477
2.234782609	0.1480750336
2.245005875	0.1479461452
2.255229142	0.1478181759
2.265452409	0.1476911191
2.275675676	0.1475649683
2.285898942	0.1474397171
2.296122209	0.1473153589
2.306345476	0.1471918876
2.316568743	0.1470692967
2.326792009	0.1469475799
2.337015276	0.1468267311
2.347238543	0.1467067441
2.35746181	0.1465876126
2.367685076	0.1464693306
2.377908343	0.1463518921
2.38813161	0.146235291
2.398354877	0.1461195213
2.408578143	0.1460045772
2.41880141	0.1458904527
2.429024677	0.1457771419
2.439247944	0.1456646392
2.44947121	0.1455529387
2.459694477	0.1454420347
2.469917744	0.1453319216
2.480141011	0.1452225936
2.490364277	0.1451140452
2.500587544	0.1450062709
2.510810811	0.1448992651
2.521034078	0.1447930222
2.531257344	0.144687537
2.541480611	0.144582804
2.551703878	0.1444788178
2.561927145	0.1443755731
2.572150411	0.1442730646
2.582373678	0.1441712871
2.592596945	0.1440702353
2.602820212	0.1439699041
2.613043478	0.1438702883
2.623266745	0.1437713829
2.633490012	0.1436731827
2.643713278	0.1435756827
2.653936545	0.1434788781
2.664159812	0.1433827637
2.674383079	0.1432873346
2.684606345	0.1431925861
2.694829612	0.1430985132
2.705052879	0.1430051111
2.715276146	0.142912375
2.725499412	0.1428203002
2.735722679	0.1427288819
2.745945946	0.1426381156
2.756169213	0.1425479964
2.766392479	0.1424585199
2.776615746	0.1423696814
2.786839013	0.1422814764
2.79706228	0.1421939004
2.807285546	0.1421069488
2.817508813	0.1420206173
2.82773208	0.1419349014
2.837955347	0.1418497967
2.848178613	0.1417652989
2.85840188	0.1416814036
2.868625147	0.1415981065
2.878848414	0.1415154034
2.88907168	0.14143329
2.899294947	0.1413517622
2.909518214	0.1412708157
2.919741481	0.1411904464
2.929964747	0.1411106503
2.940188014	0.1410314231
2.950411281	0.1409527609
2.960634548	0.1408746596
2.970857814	0.1407971152
2.981081081	0.1407201237
2.991304348	0.1406436813
3.001527615	0.140567784
3.011750881	0.1404924278
3.021974148	0.140417609
3.032197415	0.1403433238
3.042420682	0.1402695682
3.052643948	0.1401963386
3.062867215	0.1401236311
3.073090482	0.1400514421
3.083313749	0.1399797679
3.093537015	0.1399086047
3.103760282	0.139837949
3.113983549	0.1397677972
3.124206816	0.1396981455
3.134430082	0.1396289905
3.144653349	0.1395603287
3.154876616	0.1394921565
3.165099882	0.1394244704
3.175323149	0.1393572669
3.185546416	0.1392905426
3.195769683	0.1392242942
3.205992949	0.1391585181
3.216216216	0.1390932111
3.226439483	0.1390283698
3.23666275	0.1389639908
3.246886016	0.1389000709
3.257109283	0.1388366068
3.26733255	0.1387735952
3.277555817	0.138711033
3.287779083	0.1386489169
3.29800235	0.1385872437
3.308225617	0.1385260103
3.318448884	0.1384652135
3.32867215	0.1384048502
3.338895417	0.1383449174
3.349118684	0.138285412
3.359341951	0.1382263308
3.369565217	0.138167671
3.379788484	0.1381094295
3.390011751	0.1380516032
3.400235018	0.1379941893
3.410458284	0.1379371848
3.420681551	0.1378805868
3.430904818	0.1378243924
3.441128085	0.1377685987
3.451351351	0.1377132028
3.461574618	0.1376582019
3.471797885	0.1376035933
3.482021152	0.137549374
3.492244418	0.1374955414
3.502467685	0.1374420926
3.512690952	0.137389025
3.522914219	0.1373363357
3.533137485	0.1372840222
3.543360752	0.1372320818
3.553584019	0.1371805116
3.563807286	0.1371293093
3.574030552	0.137078472
3.584253819	0.1370279973
3.594477086	0.1369778824
3.604700353	0.136928125
3.614923619	0.1368787223
3.625146886	0.1368296719
3.635370153	0.1367809713
3.64559342	0.1367326179
3.655816686	0.1366846094
3.666039953	0.1366369431
3.67626322	0.1365896168
3.686486486	0.136542628
3.696709753	0.1364959742
3.70693302	0.1364496531
3.717156287	0.1364036623
3.727379553	0.1363579994
3.73760282	0.1363126621
3.747826087	0.1362676482
3.758049354	0.1362229552
3.76827262	0.1361785809
3.778495887	0.1361345231
3.788719154	0.1360907794
3.798942421	0.1360473476
3.809165687	0.1360042255
3.819388954	0.1359614109
3.829612221	0.1359189016
3.839835488	0.1358766955
3.850058754	0.1358347903
3.860282021	0.1357931839
3.870505288	0.1357518742
3.880728555	0.1357108591
3.890951821	0.1356701364
3.901175088	0.1356297042
3.911398355	0.1355895602
3.921621622	0.1355497025
3.931844888	0.135510129
3.942068155	0.1354708377
3.952291422	0.1354318266
3.962514689	0.1353930936
3.972737955	0.1353546368
3.982961222	0.1353164543
3.993184489	0.1352785441
4.003407756	0.1352409041
4.013631022	0.1352035326
4.023854289	0.1351664275
4.034077556	0.1351295871
4.044300823	0.1350930093
4.054524089	0.1350566924
4.064747356	0.1350206344
4.074970623	0.1349848336
4.08519389	0.134949288
4.095417156	0.1349139959
4.105640423	0.1348789555
4.11586369	0.1348441649
4.126086957	0.1348096224
4.136310223	0.1347753263
4.14653349	0.1347412746
4.156756757	0.1347074658
4.166980024	0.1346738981
4.17720329	0.1346405698
4.187426557	0.1346074791
4.197649824	0.1345746243
4.20787309	0.1345420038
4.218096357	0.134509616
4.228319624	0.1344774591
4.238542891	0.1344455315
4.248766157	0.1344138315
4.258989424	0.1343823577
4.269212691	0.1343511082
4.279435958	0.1343200816
4.289659224	0.1342892762
4.299882491	0.1342586905
4.310105758	0.1342283228
4.320329025	0.1341981718
4.330552291	0.1341682357
4.340775558	0.1341385131
4.350998825	0.1341090024
4.361222092	0.1340797022
4.371445358	0.1340506109
4.381668625	0.134021727
4.391891892	0.1339930491
4.402115159	0.1339645757
4.412338425	0.1339363054
4.422561692	0.1339082366
4.432784959	0.133880368
4.443008226	0.1338526981
4.453231492	0.1338252255
4.463454759	0.1337979488
4.473678026	0.1337708666
4.483901293	0.1337439775
4.494124559	0.1337172802
4.504347826	0.1336907732
4.514571093	0.1336644553
4.52479436	0.133638325
4.535017626	0.133612381
4.545240893	0.1335866221
4.55546416	0.1335610468
4.565687427	0.1335356539
4.575910693	0.133510442
4.58613396	0.13348541
4.596357227	0.1334605564
4.606580494	0.1334358801
4.61680376	0.1334113797
4.627027027	0.1333870541
4.637250294	0.1333629019
4.647473561	0.1333389219
4.657696827	0.1333151129
4.667920094	0.1332914737
4.678143361	0.133268003
4.688366627	0.1332446997
4.698589894	0.1332215626
4.708813161	0.1331985905
4.719036428	0.1331757822
4.729259694	0.1331531365
4.739482961	0.1331306523
4.749706228	0.1331083284
4.759929495	0.1330861637
4.770152761	0.1330641571
4.780376028	0.1330423074
4.790599295	0.1330206135
4.800822562	0.1329990743
4.811045828	0.1329776886
4.821269095	0.1329564555
4.831492362	0.1329353738
4.841715629	0.1329144424
4.851938895	0.1328936603
4.862162162	0.1328730263
4.872385429	0.1328525395
4.882608696	0.1328321988
4.892831962	0.1328120031
4.903055229	0.1327919514
4.913278496	0.1327720428
4.923501763	0.132752276
4.933725029	0.1327326503
4.943948296	0.1327131644
4.954171563	0.1326938176
4.96439483	0.1326746087
4.974618096	0.1326555367
4.984841363	0.1326366008
4.99506463	0.1326177999
5.005287897	0.132599133
5.015511163	0.1325805993
5.02573443	0.1325621977
5.035957697	0.1325439273
5.046180964	0.1325257872
5.05640423	0.1325077765
5.066627497	0.1324898942
5.076850764	0.1324721394
5.087074031	0.1324545112
5.097297297	0.1324370087
5.107520564	0.132419631
5.117743831	0.1324023773
5.127967098	0.1323852465
5.138190364	0.132368238
5.148413631	0.1323513507
5.158636898	0.1323345838
5.168860165	0.1323179365
5.179083431	0.1323014079
5.189306698	0.1322849971
5.199529965	0.1322687034
5.209753231	0.1322525259
5.219976498	0.1322364637
5.230199765	0.132220516
5.240423032	0.1322046821
5.250646298	0.1321889611
5.260869565	0.1321733522
5.271092832	0.1321578546
5.281316099	0.1321424675
5.291539365	0.1321271901
5.301762632	0.1321120216
5.311985899	0.1320969614
5.322209166	0.1320820085
5.332432432	0.1320671622
5.342655699	0.1320524218
5.352878966	0.1320377865
5.363102233	0.1320232556
5.373325499	0.1320088283
5.383548766	0.1319945038
5.393772033	0.1319802815
5.4039953	0.1319661607
5.414218566	0.1319521405
5.424441833	0.1319382203
5.4346651	0.1319243993
5.444888367	0.1319106769
5.455111633	0.1318970524
5.4653349	0.131883525
5.475558167	0.1318700941
5.485781434	0.1318567589
5.4960047	0.1318435189
5.506227967	0.1318303732
5.516451234	0.1318173213
5.526674501	0.1318043624
5.536897767	0.131791496
5.547121034	0.1317787213
5.557344301	0.1317660377
5.567567568	0.1317534445
5.577790834	0.1317409412
5.588014101	0.131728527
5.598237368	0.1317162013
5.608460635	0.1317039635
5.618683901	0.131691813
5.628907168	0.1316797491
5.639130435	0.1316677712
5.649353702	0.1316558788
5.659576968	0.1316440712
5.669800235	0.1316323477
5.680023502	0.1316207079
5.690246769	0.131609151
5.700470035	0.1315976766
5.710693302	0.131586284
5.720916569	0.1315749726
5.731139835	0.1315637418
5.741363102	0.1315525912
5.751586369	0.1315415201
5.761809636	0.1315305279
5.772032902	0.1315196141
5.782256169	0.1315087781
5.792479436	0.1314980194
5.802702703	0.1314873374
5.812925969	0.1314767316
5.823149236	0.1314662014
5.833372503	0.1314557463
5.84359577	0.1314453658
5.853819036	0.1314350592
5.864042303	0.1314248262
5.87426557	0.1314146661
5.884488837	0.1314045785
5.894712103	0.1313945628
5.90493537	0.1313846186
5.915158637	0.1313747452
5.925381904	0.1313649423
5.93560517	0.1313552092
5.945828437	0.1313455456
5.956051704	0.1313359508
5.966274971	0.1313264245
5.976498237	0.1313169661
5.986721504	0.1313075752
5.996944771	0.1312982512
6.007168038	0.1312889937
6.017391304	0.1312798022
6.027614571	0.1312706763
6.037837838	0.1312616154
6.048061105	0.1312526192
6.058284371	0.131243687
6.068507638	0.1312348186
6.078730905	0.1312260135
6.088954172	0.1312172711
6.099177438	0.131208591
6.109400705	0.1311999729
6.119623972	0.1311914162
6.129847239	0.1311829205
6.140070505	0.1311744854
6.150293772	0.1311661105
6.160517039	0.1311577952
6.170740306	0.1311495393
6.180963572	0.1311413422
6.191186839	0.1311332036
6.201410106	0.131125123
6.211633373	0.1311171001
6.221856639	0.1311091343
6.232079906	0.1311012254
6.242303173	0.1310933728
6.252526439	0.1310855762
6.262749706	0.1310778353
6.272972973	0.1310701495
6.28319624	0.1310625186
6.293419506	0.131054942
6.303642773	0.1310474195
6.31386604	0.1310399506
6.324089307	0.131032535
6.334312573	0.1310251723
6.34453584	0.131017862
6.354759107	0.1310106039
6.364982374	0.1310033976
6.37520564	0.1309962426
6.385428907	0.1309891386
6.395652174	0.1309820853
6.405875441	0.1309750823
6.416098707	0.1309681293
6.426321974	0.1309612258
6.436545241	0.1309543716
6.446768508	0.1309475662
6.456991774	0.1309408093
6.467215041	0.1309341007
6.477438308	0.1309274398
6.487661575	0.1309208265
6.497884841	0.1309142603
6.508108108	0.130907741
6.518331375	0.1309012681
6.528554642	0.1308948414
6.538777908	0.1308884605
6.549001175	0.1308821251
6.559224442	0.1308758349
6.569447709	0.1308695896
6.579670975	0.1308633887
6.589894242	0.1308572321
6.600117509	0.1308511194
6.610340776	0.1308450503
6.620564042	0.1308390245
6.630787309	0.1308330416
6.641010576	0.1308271014
6.651233843	0.1308212036
6.661457109	0.1308153478
6.671680376	0.1308095338
6.681903643	0.1308037612
6.69212691	0.1307980298
6.702350176	0.1307923392
6.712573443	0.1307866893
6.72279671	0.1307810796
6.733019976	0.1307755099
6.743243243	0.1307699799
6.75346651	0.1307644894
6.763689777	0.130759038
6.773913043	0.1307536255
6.78413631	0.1307482516
6.794359577	0.130742916
6.804582844	0.1307376185
6.81480611	0.1307323587
6.825029377	0.1307271365
6.835252644	0.1307219514
6.845475911	0.1307168034
6.855699177	0.1307116921
6.865922444	0.1307066172
6.876145711	0.1307015785
6.886368978	0.1306965757
6.896592244	0.1306916086
6.906815511	0.1306866769
6.917038778	0.1306817804
6.927262045	0.1306769188
6.937485311	0.1306720919
6.947708578	0.1306672993
6.957931845	0.130662541
6.968155112	0.1306578166
6.978378378	0.1306531259
6.988601645	0.1306484686
6.998824912	0.1306438445
7.009048179	0.1306392534
7.019271445	0.1306346951
7.029494712	0.1306301693
7.039717979	0.1306256757
7.049941246	0.1306212141
7.060164512	0.1306167844
7.070387779	0.1306123863
7.080611046	0.1306080195
7.090834313	0.1306036839
7.101057579	0.1305993792
7.111280846	0.1305951052
7.121504113	0.1305908616
7.13172738	0.1305866483
7.141950646	0.1305824651
7.152173913	0.1305783117
7.16239718	0.1305741879
7.172620447	0.1305700935
7.182843713	0.1305660283
7.19306698	0.1305619921
7.203290247	0.1305579847
7.213513514	0.1305540059
7.22373678	0.1305500554
7.233960047	0.1305461331
7.244183314	0.1305422388
7.25440658	0.1305383722
7.264629847	0.1305345332
7.274853114	0.1305307216
7.285076381	0.1305269371
7.295299647	0.1305231797
7.305522914	0.130519449
7.315746181	0.130515745
7.325969448	0.1305120673
7.336192714	0.1305084159
7.346415981	0.1305047905
7.356639248	0.130501191
7.366862515	0.1304976171
7.377085781	0.1304940688
7.387309048	0.1304905457
7.397532315	0.1304870477
7.407755582	0.1304835747
7.417978848	0.1304801265
7.428202115	0.1304767028
7.438425382	0.1304733036
7.448648649	0.1304699286
7.458871915	0.1304665776
7.469095182	0.1304632506
7.479318449	0.1304599473
7.489541716	0.1304566675
7.499764982	0.1304534111
7.509988249	0.130450178
7.520211516	0.1304469679
7.530434783	0.1304437806
7.540658049	0.1304406162
7.550881316	0.1304374742
7.561104583	0.1304343547
7.57132785	0.1304312574
7.581551116	0.1304281823
7.591774383	0.130425129
7.60199765	0.1304220975
7.612220917	0.1304190877
7.622444183	0.1304160992
7.63266745	0.1304131322
7.642890717	0.1304101862
7.653113984	0.1304072613
7.66333725	0.1304043572
7.673560517	0.1304014738
7.683783784	0.130398611
7.694007051	0.1303957686
7.704230317	0.1303929465
7.714453584	0.1303901445
7.724676851	0.1303873625
7.734900118	0.1303846003
7.745123384	0.1303818578
7.755346651	0.1303791349
7.765569918	0.1303764314
7.775793184	0.1303737472
7.786016451	0.1303710821
7.796239718	0.130368436
7.806462985	0.1303658087
7.816686251	0.1303632003
7.826909518	0.1303606104
7.837132785	0.130358039
7.847356052	0.1303554859
7.857579318	0.130352951
7.867802585	0.1303504342
7.878025852	0.1303479353
7.888249119	0.1303454543
7.898472385	0.130342991
7.908695652	0.1303405452
7.918918919	0.1303381168
7.929142186	0.1303357058
7.939365452	0.130333312
7.949588719	0.1303309352
7.959811986	0.1303285754
7.970035253	0.1303262324
7.980258519	0.1303239061
7.990481786	0.1303215964
8.000705053	0.1303193032
8.01092832	0.1303170264
8.021151586	0.1303147657
8.031374853	0.1303125212
8.04159812	0.1303102927
8.051821387	0.1303080801
8.062044653	0.1303058832
8.07226792	0.1303037021
8.082491187	0.1303015364
8.092714454	0.1302993863
8.10293772	0.1302972514
8.113160987	0.1302951318
8.123384254	0.1302930273
8.133607521	0.1302909378
8.143830787	0.1302888632
8.154054054	0.1302868034
8.164277321	0.1302847583
8.174500588	0.1302827277
8.184723854	0.1302807117
8.194947121	0.13027871
8.205170388	0.1302767226
8.215393655	0.1302747493
8.225616921	0.1302727902
8.235840188	0.130270845
8.246063455	0.1302689136
8.256286722	0.1302669961
8.266509988	0.1302650922
8.276733255	0.1302632019
8.286956522	0.1302613251
8.297179788	0.1302594616
8.307403055	0.1302576115
8.317626322	0.1302557745
8.327849589	0.1302539507
8.338072855	0.1302521398
8.348296122	0.1302503419
8.358519389	0.1302485567
8.368742656	0.1302467843
8.378965922	0.1302450246
8.389189189	0.1302432774
8.399412456	0.1302415426
8.409635723	0.1302398203
8.419858989	0.1302381102
8.430082256	0.1302364123
8.440305523	0.1302347265
8.45052879	0.1302330527
8.460752056	0.1302313909
8.470975323	0.1302297409
8.48119859	0.1302281026
8.491421857	0.1302264761
8.501645123	0.1302248612
8.51186839	0.1302232577
8.522091657	0.1302216657
8.532314924	0.1302200851
8.54253819	0.1302185157
8.552761457	0.1302169576
8.562984724	0.1302154105
8.573207991	0.1302138744
8.583431257	0.1302123494
8.593654524	0.1302108352
8.603877791	0.1302093317
8.614101058	0.1302078391
8.624324324	0.130206357
8.634547591	0.1302048855
8.644770858	0.1302034245
8.654994125	0.130201974
8.665217391	0.1302005337
8.675440658	0.1301991038
8.685663925	0.130197684
8.695887192	0.1301962744
8.706110458	0.1301948748
8.716333725	0.1301934852
8.726556992	0.1301921055
8.736780259	0.1301907357
8.747003525	0.1301893756
8.757226792	0.1301880252
8.767450059	0.1301866844
8.777673325	0.1301853532
8.787896592	0.1301840315
8.798119859	0.1301827193
8.808343126	0.1301814163
8.818566392	0.1301801227
8.828789659	0.1301788383
8.839012926	0.130177563
8.849236193	0.1301762969
8.859459459	0.1301750398
8.869682726	0.1301737916
8.879905993	0.1301725523
8.89012926	0.1301713219
8.900352526	0.1301701002
8.910575793	0.1301688873
8.92079906	0.130167683
8.931022327	0.1301664873
8.941245593	0.1301653001
8.95146886	0.1301641214
8.961692127	0.1301629511
8.971915394	0.1301617892
8.98213866	0.1301606355
8.992361927	0.13015949
9.002585194	0.1301583527
9.012808461	0.1301572236
9.023031727	0.1301561025
9.033254994	0.1301549893
9.043478261	0.1301538841
9.053701528	0.1301527868
9.063924794	0.1301516973
9.074148061	0.1301506156
9.084371328	0.1301495416
9.094594595	0.1301484753
9.104817861	0.1301474165
9.115041128	0.1301463654
9.125264395	0.1301453217
9.135487662	0.1301442854
9.145710928	0.1301432566
9.155934195	0.130142235
9.166157462	0.1301412208
9.176380729	0.1301402138
9.186603995	0.1301392139
9.196827262	0.1301382212
9.207050529	0.1301372356
9.217273796	0.130136257
9.227497062	0.1301352854
9.237720329	0.1301343207
9.247943596	0.1301333629
9.258166863	0.130132412
9.268390129	0.1301314678
9.278613396	0.1301305303
9.288836663	0.1301295995
9.299059929	0.1301286754
9.309283196	0.1301277578
9.319506463	0.1301268468
9.32972973	0.1301259423
9.339952996	0.1301250442
9.350176263	0.1301241526
9.36039953	0.1301232673
9.370622797	0.1301223883
9.380846063	0.1301215156
9.39106933	0.1301206491
9.401292597	0.1301197888
9.411515864	0.1301189346
9.42173913	0.1301180865
9.431962397	0.1301172444
9.442185664	0.1301164084
9.452408931	0.1301155783
9.462632197	0.1301147542
9.472855464	0.1301139359
9.483078731	0.1301131234
9.493301998	0.1301123168
9.503525264	0.1301115159
9.513748531	0.1301107207
9.523971798	0.1301099312
9.534195065	0.1301091473
9.544418331	0.130108369
9.554641598	0.1301075962
9.564864865	0.130106829
9.575088132	0.1301060672
9.585311398	0.1301053109
9.595534665	0.1301045599
9.605757932	0.1301038143
9.615981199	0.1301030741
9.626204465	0.1301023391
9.636427732	0.1301016093
9.646650999	0.1301008848
9.656874266	0.1301001654
9.667097532	0.1300994511
9.677320799	0.130098742
9.687544066	0.1300980379
9.697767333	0.1300973388
9.707990599	0.1300966447
9.718213866	0.1300959555
9.728437133	0.1300952713
9.7386604	0.130094592
9.748883666	0.1300939174
9.759106933	0.1300932477
9.7693302	0.1300925828
9.779553467	0.1300919226
9.8	0.13
9.81	0.1298555556
9.82	0.1294222222
9.83	0.1287
9.84	0.1276888889
9.85	0.1263888889
9.86	0.1248
9.87	0.1229222222
9.88	0.1207555556
9.89	0.1183
9.9	0.1155555556
9.91	0.1125222222
9.92	0.1092
9.93	0.1055888889
9.94	0.1016888889
9.95	0.0975
9.96	0.09302222222
9.97	0.08825555556
9.98	0.0832
9.99	0.07785555556
10	0.07222222222
10.01	0.0663
10.02	0.06008888889
10.03	0.05358888889
10.04	0.0468
10.05	0.03972222222
10.06	0.03235555556
10.07	0.0247
10.08	0.01675555556
10.09	0.008522222222
10.1	0