Demo2Motor 152 200 0 0 3.7 ERT
0	0
0.01	2.425686997
0.02	4.376254187
0.03	7.833144559
0.04	13.82768407
0.05	23.8405844
0.06	39.56322229
0.07	62.00510377
0.08	90.03320054
0.09	119.737532
0.1	146.2117157
0.11	166.403677
0.12	180.0499022
0.13	188.5351648
0.14	193.5409071
0.15	196.402758
0.16	198.0096396
0.17	198.9027402
0.18	199.3963167
0.19	199.6682398
0.2	200
0.21	200
0.22	200
0.23	200
0.24	200
0.25	200
0.26	200
0.27	200
0.28	200
0.29	200
0.3	200
0.31	200
0.32	200
0.33	200
0.34	200
0.35	200
0.36	200
0.37	200
0.38	200
0.39	200
0.4	200
0.41	200
0.42	200
0.43	200
0.44	200
0.45	200
0.46	200
0.47	200
0.48	200
0.49	200
0.5	200
0.51	200
0.52	200
0.53	200
0.54	200
0.55	200
0.56	200
0.57	200
0.58	200
0.59	200
0.6	200
0.61	200
0.62	200
0.63	200
0.64	200
0.65	200
0.66	200
0.67	200
0.68	200
0.69	200
0.7	200
0.71	200
0.72	200
0.73	200
0.74	200
0.75	200
0.76	200
0.77	200
0.78	200
0.79	200
0.8	200
0.81	200
0.82	200
0.83	200
0.84	200
0.85	200
0.86	200
0.87	200
0.88	200
0.89	200
0.9	200
0.91	203.75
0.92	215
0.93	233.75
0.94	260
0.95	293.75
0.96	335
0.97	383.75
0.98	440
0.99	503.75
1	575
1.01	653.75
1.02	740
1.03	833.75
1.04	935
1.05	1043.75
1.06	1160
1.07	1283.75
1.08	1415
1.09	1553.75
1.1	1700
1.110223267	1697.147703
1.120446533	1694.315746
1.1306698	1691.503982
1.140893067	1688.712268
1.151116334	1685.940462
1.1613396	1683.18842
1.171562867	1680.456003
1.181786134	1677.743069
1.192009401	1675.049481
1.202232667	1672.3751
1.212455934	1669.71979
1.222679201	1667.083413
1.232902468	1664.465836
1.243125734	1661.866925
1.253349001	1659.286545
1.263572268	1656.724566
1.273795535	1654.180855
1.284018801	1651.655283
1.294242068	1649.14772
1.304465335	1646.658038
1.314688602	1644.186109
1.324911868	1641.731807
1.335135135	1639.295006
1.345358402	1636.875581
1.355581669	1634.473408
1.365804935	1632.088365
1.376028202	1629.720328
1.386251469	1627.369178
1.396474736	1625.034793
1.406698002	1622.717054
1.416921269	1620.415842
1.427144536	1618.13104
1.437367803	1615.862529
1.447591069	1613.610195
1.457814336	1611.373922
1.468037603	1609.153595
1.47826087	1606.949101
1.488484136	1604.760326
1.498707403	1602.587159
1.50893067	1600.429488
1.519153937	1598.287203
1.529377203	1596.160194
1.53960047	1594.048352
1.549823737	1591.95157
1.560047004	1589.869739
1.57027027	1587.802752
1.580493537	1585.750505
1.590716804	1583.712892
1.600940071	1581.689809
1.611163337	1579.681152
1.621386604	1577.686818
1.631609871	1575.706705
1.641833137	1573.740712
1.652056404	1571.788738
1.662279671	1569.850682
1.672502938	1567.926447
1.682726204	1566.015933
1.692949471	1564.119042
1.703172738	1562.235677
1.713396005	1560.365742
1.723619271	1558.509142
1.733842538	1556.66578
1.744065805	1554.835562
1.754289072	1553.018396
1.764512338	1551.214187
1.774735605	1549.422844
1.784958872	1547.644274
1.795182139	1545.878387
1.805405405	1544.125091
1.815628672	1542.384298
1.825851939	1540.655919
1.836075206	1538.939864
1.846298472	1537.236045
1.856521739	1535.544376
1.866745006	1533.86477
1.876968273	1532.197141
1.887191539	1530.541403
1.897414806	1528.897472
1.907638073	1527.265263
1.91786134	1525.644693
1.928084606	1524.03568
1.938307873	1522.438139
1.94853114	1520.85199
1.958754407	1519.277152
1.968977673	1517.713543
1.97920094	1516.161084
1.989424207	1514.619695
1.999647474	1513.089298
2.00987074	1511.569813
2.020094007	1510.061163
2.030317274	1508.563271
2.040540541	1507.076061
2.050763807	1505.599455
2.060987074	1504.133378
2.071210341	1502.677756
2.081433608	1501.232513
2.091656874	1499.797576
2.101880141	1498.372871
2.112103408	1496.958326
2.122326675	1495.553867
2.132549941	1494.159423
2.142773208	1492.774922
2.152996475	1491.400294
2.163219741	1490.035468
2.173443008	1488.680374
2.183666275	1487.334943
2.193889542	1485.999106
2.204112808	1484.672795
2.214336075	1483.355941
2.224559342	1482.048477
2.234782609	1480.750336
2.245005875	1479.461452
2.255229142	1478.181759
2.265452409	1476.911191
2.275675676	1475.649683
2.285898942	1474.397171
2.296122209	1473.153589
2.306345476	1471.918876
2.316568743	1470.692967
2.326792009	1469.475799
2.337015276	1468.267311
2.347238543	1467.067441
2.35746181	1465.876126
2.367685076	1464.693306
2.377908343	1463.518921
2.38813161	1462.35291
2.398354877	1461.195213
2.408578143	1460.045772
2.41880141	1458.904527
2.429024677	1457.771419
2.439247944	1456.646392
2.44947121	1455.529387
2.459694477	1454.420347
2.469917744	1453.319216
2.480141011	1452.225936
2.490364277	1451.140452
2.500587544	1450.062709
2.510810811	1448.992651
2.521034078	1447.930222
2.531257344	1446.87537
2.541480611	1445.82804
2.551703878	1444.788178
2.561927145	1443.755731
2.572150411	1442.730646
2.582373678	1441.712871
2.592596945	1440.702353
2.602820212	1439.699041
2.613043478	1438.702883
2.623266745	1437.713829
2.633490012	1436.731827
2.643713278	1435.756827
2.653936545	1434.788781
2.664159812	1433.827637
2.674383079	1432.873346
2.684606345	1431.925861
2.694829612	1430.985132
2.705052879	1430.051111
2.715276146	1429.12375
2.725499412	1428.203002
2.735722679	1427.288819
2.745945946	1426.381156
2.756169213	1425.479964
2.766392479	1424.585199
2.776615746	1423.696814
2.786839013	1422.814764
2.79706228	1421.939004
2.807285546	1421.069488
2.817508813	1420.206173
2.82773208	1419.349014
2.837955347	1418.497967
2.848178613	1417.652989
2.85840188	1416.814036
2.868625147	1415.981065
2.878848414	1415.154034
2.88907168	1414.3329
2.899294947	1413.517622
2.909518214	1412.708157
2.919741481	1411.904464
2.929964747	1411.106503
2.940188014	1410.314231
2.950411281	1409.527609
2.960634548	1408.746596
2.970857814	1407.971152
2.981081081	1407.201237
2.991304348	1406.436813
3.001527615	1405.67784
3.011750881	1404.924278
3.021974148	1404.17609
3.032197415	1403.433238
3.042420682	1402.695682
3.052643948	1401.963386
3.062867215	1401.236311
3.073090482	1400.514421
3.083313749	1399.797679
3.093537015	1399.086047
3.103760282	1398.37949
3.113983549	1397.677972
3.124206816	1396.981455
3.134430082	1396.289905
3.144653349	1395.603287
3.154876616	1394.921565
3.165099882	1394.244704
3.175323149	1393.572669
3.185546416	1392.905426
3.195769683	1392.242942
3.205992949	1391.585181
3.216216216	1390.932111
3.226439483	1390.283698
3.23666275	1389.639908
3.246886016	1389.000709
3.257109283	1388.366068
3.26733255	1387.735952
3.277555817	1387.11033
3.287779083	1386.489169
3.29800235	1385.872437
3.308225617	1385.260103
3.318448884	1384.652135
3.32867215	1384.048502
3.338895417	1383.449174
3.349118684	1382.85412
3.359341951	1382.263308
3.369565217	1381.67671
3.379788484	1381.094295
3.390011751	1380.516032
3.400235018	1379.941893
3.410458284	1379.371848
3.420681551	1378.805868
3.430904818	1378.243924
3.441128085	1377.685987
3.451351351	1377.132028
3.461574618	1376.582019
3.471797885	1376.035933
3.482021152	1375.49374
3.492244418	1374.955414
3.502467685	1374.420926
3.512690952	1373.89025
3.522914219	1373.363357
3.533137485	1372.840222
3.543360752	1372.320818
3.553584019	1371.805116
3.563807286	1371.293093
3.574030552	1370.78472
3.584253819	1370.279973
3.594477086	1369.778824
3.604700353	1369.28125
3.614923619	1368.787223
3.625146886	1368.296719
3.635370153	1367.809713
3.64559342	1367.326179
3.655816686	1366.846094
3.666039953	1366.369431
3.67626322	1365.896168
3.686486486	1365.42628
3.696709753	1364.959742
3.70693302	1364.496531
3.717156287	1364.036623
3.727379553	1363.579994
3.73760282	1363.126621
3.747826087	1362.676482
3.758049354	1362.229552
3.76827262	1361.785809
3.778495887	1361.345231
3.788719154	1360.907794
3.798942421	1360.473476
3.809165687	1360.042255
3.819388954	1359.614109
3.829612221	1359.189016
3.839835488	1358.766955
3.850058754	1358.347903
3.860282021	1357.931839
3.870505288	1357.518742
3.880728555	1357.108591
3.890951821	1356.701364
3.901175088	1356.297042
3.911398355	1355.895602
3.921621622	1355.497025
3.931844888	1355.10129
3.942068155	1354.708377
3.952291422	1354.318266
3.962514689	1353.930936
3.972737955	1353.546368
3.982961222	1353.164543
3.993184489	1352.785441
4.003407756	1352.409041
4.013631022	1352.035326
4.023854289	1351.664275
4.034077556	1351.295871
4.044300823	1350.930093
4.054524089	1350.566924
4.064747356	1350.206344
4.074970623	1349.848336
4.08519389	1349.49288
4.095417156	1349.139959
4.105640423	1348.789555
4.11586369	1348.441649
4.126086957	1348.096224
4.136310223	1347.753263
4.14653349	1347.412746
4.156756757	1347.074658
4.166980024	1346.738981
4.17720329	1346.405698
4.187426557	1346.074791
4.197649824	1345.746243
4.20787309	1345.420038
4.218096357	1345.09616
4.228319624	1344.774591
4.238542891	1344.455315
4.248766157	1344.138315
4.258989424	1343.823577
4.269212691	1343.511082
4.279435958	1343.200816
4.289659224	1342.892762
4.299882491	1342.586905
4.310105758	1342.283228
4.320329025	1341.981718
4.330552291	1341.682357
4.340775558	1341.385131
4.350998825	1341.090024
4.361222092	1340.797022
4.371445358	1340.506109
4.381668625	1340.21727
4.391891892	1339.930491
4.402115159	1339.645757
4.412338425	1339.363054
4.422561692	1339.082366
4.432784959	1338.80368
4.443008226	1338.526981
4.453231492	1338.252255
4.463454759	1337.979488
4.473678026	1337.708666
4.483901293	1337.439775
4.494124559	1337.172802
4.504347826	1336.907732
4.514571093	1336.644553
4.52479436	1336.38325
4.535017626	1336.12381
4.545240893	1335.866221
4.55546416	1335.610468
4.565687427	1335.356539
4.575910693	1335.10442
4.58613396	1334.8541
4.596357227	1334.605564
4.606580494	1334.358801
4.61680376	1334.113797
4.627027027	1333.870541
4.637250294	1333.629019
4.647473561	1333.389219
4.657696827	1333.151129
4.667920094	1332.914737
4.678143361	1332.68003
4.688366627	1332.446997
4.698589894	1332.215626
4.708813161	1331.985905
4.719036428	1331.757822
4.729259694	1331.531365
4.739482961	1331.306523
4.749706228	1331.083284
4.759929495	1330.861637
4.770152761	1330.641571
4.780376028	1330.423074
4.790599295	1330.206135
4.800822562	1329.990743
4.811045828	1329.776886
4.821269095	1329.564555
4.831492362	1329.353738
4.841715629	1329.144424
4.851938895	1328.936603
4.862162162	1328.730263
4.872385429	1328.525395
4.882608696	1328.321988
4.892831962	1328.120031
4.903055229	1327.919514
4.913278496	1327.720428
4.923501763	1327.52276
4.933725029	1327.326503
4.943948296	1327.131644
4.954171563	1326.938176
4.96439483	1326.746087
4.974618096	1326.555367
4.984841363	1326.366008
4.99506463	1326.177999
5.005287897	1325.99133
5.015511163	1325.805993
5.02573443	1325.621977
5.035957697	1325.439273
5.046180964	1325.257872
5.05640423	1325.077765
5.066627497	1324.898942
5.076850764	1324.721394
5.087074031	1324.545112
5.097297297	1324.370087
5.107520564	1324.19631
5.117743831	1324.023773
5.127967098	1323.852465
5.138190364	1323.68238
5.148413631	1323.513507
5.158636898	1323.345838
5.168860165	1323.179365
5.179083431	1323.014079
5.189306698	1322.849971
5.199529965	1322.687034
5.209753231	1322.525259
5.219976498	1322.364637
5.230199765	1322.20516
5.240423032	1322.046821
5.250646298	1321.889611
5.260869565	1321.733522
5.271092832	1321.578546
5.281316099	1321.424675
5.291539365	1321.271901
5.301762632	1321.120216
5.311985899	1320.969614
5.322209166	1320.820085
5.332432432	1320.671622
5.342655699	1320.524218
5.352878966	1320.377865
5.363102233	1320.232556
5.373325499	1320.088283
5.383548766	1319.945038
5.393772033	1319.802815
5.4039953	1319.661607
5.414218566	1319.521405
5.424441833	1319.382203
5.4346651	1319.243993
5.444888367	1319.106769
5.455111633	1318.970524
5.4653349	1318.83525
5.475558167	1318.700941
5.485781434	1318.567589
5.4960047	1318.435189
5.506227967	1318.303732
5.516451234	1318.173213
5.526674501	1318.043624
5.536897767	1317.91496
5.547121034	1317.787213
5.557344301	1317.660377
5.567567568	1317.534445
5.577790834	1317.409412
5.588014101	1317.28527
5.598237368	1317.162013
5.608460635	1317.039635
5.618683901	1316.91813
5.628907168	1316.797491
5.639130435	1316.677712
5.649353702	1316.558788
5.659576968	1316.440712
5.669800235	1316.323477
5.680023502	1316.207079
5.690246769	1316.09151
5.700470035	1315.976766
5.710693302	1315.86284
5.720916569	1315.749726
5.731139835	1315.637418
5.741363102	1315.525912
5.751586369	1315.415201
5.761809636	1315.305279
5.772032902	1315.196141
5.782256169	1315.087781
5.792479436	1314.980194
5.802702703	1314.873374
5.812925969	1314.767316
5.823149236	1314.662014
5.833372503	1314.557463
5.84359577	1314.453658
5.853819036	1314.350592
5.864042303	1314.248262
5.87426557	1314.146661
5.884488837	1314.045785
5.894712103	1313.945628
5.90493537	1313.846186
5.915158637	1313.747452
5.925381904	1313.649423
5.93560517	1313.552092
5.945828437	1313.455456
5.956051704	1313.359508
5.966274971	1313.264245
5.976498237	1313.169661
5.986721504	1313.075752
5.996944771	1312.982512
6.007168038	1312.889937
6.017391304	1312.798022
6.027614571	1312.706763
6.037837838	1312.616154
6.048061105	1312.526192
6.058284371	1312.43687
6.068507638	1312.348186
6.078730905	1312.260135
6.088954172	1312.172711
6.099177438	1312.08591
6.109400705	1311.999729
6.119623972	1311.914162
6.129847239	1311.829205
6.140070505	1311.744854
6.150293772	1311.661105
6.160517039	1311.577952
6.170740306	1311.495393
6.180963572	1311.413422
6.191186839	1311.332036
6.201410106	1311.25123
6.211633373	1311.171001
6.221856639	1311.091343
6.232079906	1311.012254
6.242303173	1310.933728
6.252526439	1310.855762
6.262749706	1310.778353
6.272972973	1310.701495
6.28319624	1310.625186
6.293419506	1310.54942
6.303642773	1310.474195
6.31386604	1310.399506
6.324089307	1310.32535
6.334312573	1310.251723
6.34453584	1310.17862
6.354759107	1310.106039
6.364982374	1310.033976
6.37520564	1309.962426
6.385428907	1309.891386
6.395652174	1309.820853
6.405875441	1309.750823
6.416098707	1309.681293
6.426321974	1309.612258
6.436545241	1309.543716
6.446768508	1309.475662
6.456991774	1309.408093
6.467215041	1309.341007
6.477438308	1309.274398
6.487661575	1309.208265
6.497884841	1309.142603
6.508108108	1309.07741
6.518331375	1309.012681
6.528554642	1308.948414
6.538777908	1308.884605
6.549001175	1308.821251
6.559224442	1308.758349
6.569447709	1308.695896
6.579670975	1308.633887
6.589894242	1308.572321
6.600117509	1308.511194
6.610340776	1308.450503
6.620564042	1308.390245
6.630787309	1308.330416
6.641010576	1308.271014
6.651233843	1308.212036
6.661457109	1308.153478
6.671680376	1308.095338
6.681903643	1308.037612
6.69212691	1307.980298
6.702350176	1307.923392
6.712573443	1307.866893
6.72279671	1307.810796
6.733019976	1307.755099
6.743243243	1307.699799
6.75346651	1307.644894
6.763689777	1307.59038
6.773913043	1307.536255
6.78413631	1307.482516
6.794359577	1307.42916
6.804582844	1307.376185
6.81480611	1307.323587
6.825029377	1307.271365
6.835252644	1307.219514
6.845475911	1307.168034
6.855699177	1307.116921
6.865922444	1307.066172
6.876145711	1307.015785
6.886368978	1306.965757
6.896592244	1306.916086
6.906815511	1306.866769
6.917038778	1306.817804
6.927262045	1306.769188
6.937485311	1306.720919
6.947708578	1306.672993
6.957931845	1306.62541
6.968155112	1306.578166
6.978378378	1306.531259
6.988601645	1306.484686
6.998824912	1306.438445
7.009048179	1306.392534
7.019271445	1306.346951
7.029494712	1306.301693
7.039717979	1306.256757
7.049941246	1306.212141
7.060164512	1306.167844
7.070387779	1306.123863
7.080611046	1306.080195
7.090834313	1306.036839
7.101057579	1305.993792
7.111280846	1305.951052
7.121504113	1305.908616
7.13172738	1305.866483
7.141950646	1305.824651
7.152173913	1305.783117
7.16239718	1305.741879
7.172620447	1305.700935
7.182843713	1305.660283
7.19306698	1305.619921
7.203290247	1305.579847
7.213513514	1305.540059
7.22373678	1305.500554
7.233960047	1305.461331
7.244183314	1305.422388
7.25440658	1305.383722
7.264629847	1305.345332
7.274853114	1305.307216
7.285076381	1305.269371
7.295299647	1305.231797
7.305522914	1305.19449
7.315746181	1305.15745
7.325969448	1305.120673
7.336192714	1305.084159
7.346415981	1305.047905
7.356639248	1305.01191
7.366862515	1304.976171
7.377085781	1304.940688
7.387309048	1304.905457
7.397532315	1304.870477
7.407755582	1304.835747
7.417978848	1304.801265
7.428202115	1304.767028
7.438425382	1304.733036
7.448648649	1304.699286
7.458871915	1304.665776
7.469095182	1304.632506
7.479318449	1304.599473
7.489541716	1304.566675
7.499764982	1304.534111
7.509988249	1304.50178
7.520211516	1304.469679
7.530434783	1304.437806
7.540658049	1304.406162
7.550881316	1304.374742
7.561104583	1304.343547
7.57132785	1304.312574
7.581551116	1304.281823
7.591774383	1304.25129
7.60199765	1304.220975
7.612220917	1304.190877
7.622444183	1304.160992
7.63266745	1304.131322
7.642890717	1304.101862
7.653113984	1304.072613
7.66333725	1304.043572
7.673560517	1304.014738
7.683783784	1303.98611
7.694007051	1303.957686
7.704230317	1303.929465
7.714453584	1303.901445
7.724676851	1303.873625
7.734900118	1303.846003
7.745123384	1303.818578
7.755346651	1303.791349
7.765569918	1303.764314
7.775793184	1303.737472
7.786016451	1303.710821
7.796239718	1303.68436
7.806462985	1303.658087
7.816686251	1303.632003
7.826909518	1303.606104
7.837132785	1303.58039
7.847356052	1303.554859
7.857579318	1303.52951
7.867802585	1303.504342
7.878025852	1303.479353
7.888249119	1303.454543
7.898472385	1303.42991
7.908695652	1303.405452
7.918918919	1303.381168
7.929142186	1303.357058
7.939365452	1303.33312
7.949588719	1303.309352
7.959811986	1303.285754
7.970035253	1303.262324
7.980258519	1303.239061
7.990481786	1303.215964
8.000705053	1303.193032
8.01092832	1303.170264
8.021151586	1303.147657
8.031374853	1303.125212
8.04159812	1303.102927
8.051821387	1303.080801
8.062044653	1303.058832
8.07226792	1303.037021
8.082491187	1303.015364
8.092714454	1302.993863
8.10293772	1302.972514
8.113160987	1302.951318
8.123384254	1302.930273
8.133607521	1302.909378
8.143830787	1302.888632
8.154054054	1302.868034
8.164277321	1302.847583
8.174500588	1302.827277
8.184723854	1302.807117
8.194947121	1302.7871
8.205170388	1302.767226
8.215393655	1302.747493
8.225616921	1302.727902
8.235840188	1302.70845
8.246063455	1302.689136
8.256286722	1302.669961
8.266509988	1302.650922
8.276733255	1302.632019
8.286956522	1302.613251
8.297179788	1302.594616
8.307403055	1302.576115
8.317626322	1302.557745
8.327849589	1302.539507
8.338072855	1302.521398
8.348296122	1302.503419
8.358519389	1302.485567
8.368742656	1302.467843
8.378965922	1302.450246
8.389189189	1302.432774
8.399412456	1302.415426
8.409635723	1302.398203
8.419858989	1302.381102
8.430082256	1302.364123
8.440305523	1302.347265
8.45052879	1302.330527
8.460752056	1302.313909
8.470975323	1302.297409
8.48119859	1302.281026
8.491421857	1302.264761
8.501645123	1302.248612
8.51186839	1302.232577
8.522091657	1302.216657
8.532314924	1302.200851
8.54253819	1302.185157
8.552761457	1302.169576
8.562984724	1302.154105
8.573207991	1302.138744
8.583431257	1302.123494
8.593654524	1302.108352
8.603877791	1302.093317
8.614101058	1302.078391
8.624324324	1302.06357
8.634547591	1302.048855
8.644770858	1302.034245
8.654994125	1302.01974
8.665217391	1302.005337
8.675440658	1301.991038
8.685663925	1301.97684
8.695887192	1301.962744
8.706110458	1301.948748
8.716333725	1301.934852
8.726556992	1301.921055
8.736780259	1301.907357
8.747003525	1301.893756
8.757226792	1301.880252
8.767450059	1301.866844
8.777673325	1301.853532
8.787896592	1301.840315
8.798119859	1301.827193
8.808343126	1301.814163
8.818566392	1301.801227
8.828789659	1301.788383
8.839012926	1301.77563
8.849236193	1301.762969
8.859459459	1301.750398
8.869682726	1301.737916
8.879905993	1301.725523
8.89012926	1301.713219
8.900352526	1301.701002
8.910575793	1301.688873
8.92079906	1301.67683
8.931022327	1301.664873
8.941245593	1301.653001
8.95146886	1301.641214
8.961692127	1301.629511
8.971915394	1301.617892
8.98213866	1301.606355
8.992361927	1301.5949
9.002585194	1301.583527
9.012808461	1301.572236
9.023031727	1301.561025
9.033254994	1301.549893
9.043478261	1301.538841
9.053701528	1301.527868
9.063924794	1301.516973
9.074148061	1301.506156
9.084371328	1301.495416
9.094594595	1301.484753
9.104817861	1301.474165
9.115041128	1301.463654
9.125264395	1301.453217
9.135487662	1301.442854
9.145710928	1301.432566
9.155934195	1301.42235
9.166157462	1301.412208
9.176380729	1301.402138
9.186603995	1301.392139
9.196827262	1301.382212
9.207050529	1301.372356
9.217273796	1301.36257
9.227497062	1301.352854
9.237720329	1301.343207
9.247943596	1301.333629
9.258166863	1301.32412
9.268390129	1301.314678
9.278613396	1301.305303
9.288836663	1301.295995
9.299059929	1301.286754
9.309283196	1301.277578
9.319506463	1301.268468
9.32972973	1301.259423
9.339952996	1301.250442
9.350176263	1301.241526
9.36039953	1301.232673
9.370622797	1301.223883
9.380846063	1301.215156
9.39106933	1301.206491
9.401292597	1301.197888
9.411515864	1301.189346
9.42173913	1301.180865
9.431962397	1301.172444
9.442185664	1301.164084
9.452408931	1301.155783
9.462632197	1301.147542
9.472855464	1301.139359
9.483078731	1301.131234
9.493301998	1301.123168
9.503525264	1301.115159
9.513748531	1301.107207
9.523971798	1301.099312
9.534195065	1301.091473
9.544418331	1301.08369
9.554641598	1301.075962
9.564864865	1301.06829
9.575088132	1301.060672
9.585311398	1301.053109
9.595534665	1301.045599
9.605757932	1301.038143
9.615981199	1301.030741
9.626204465	1301.023391
9.636427732	1301.016093
9.646650999	1301.008848
9.656874266	1301.001654
9.667097532	1300.994511
9.677320799	1300.98742
9.687544066	1300.980379
9.697767333	1300.973388
9.707990599	1300.966447
9.718213866	1300.959555
9.728437133	1300.952713
9.7386604	1300.94592
9.748883666	1300.939174
9.759106933	1300.932477
9.7693302	1300.925828
9.779553467	1300.919226
9.8	1300
9.81	1298.555556
9.82	1294.222222
9.83	1287
9.84	1276.888889
9.85	1263.888889
9.86	1248
9.87	1229.222222
9.88	1207.555556
9.89	1183
9.9	1155.555556
9.91	1125.222222
9.92	1092
9.93	1055.888889
9.94	1016.888889
9.95	975
9.96	930.2222222
9.97	882.5555556
9.98	832
9.99	778.5555556
10	722.2222222
10.01	663
10.02	600.8888889
10.03	535.8888889
10.04	468
10.05	397.2222222
10.06	323.5555556
10.07	247
10.08	167.5555556
10.09	85.22222222
10.1	0