STF08 98 700 0 1.12 8.2 ERT		// mass of ABS and of comustion chamber
0	0
0.0199999999999818	87.5812690481299
0.0399999999999636	189.453188057493
0.0599999999999454	450.777651736345
0.0799999999999272	1044.47152461561
0.0999999999999091	1369.99697628357
0.119999999999891	1725.43557756425
0.139999999999873	1978.76894310152
0.160000000000309	2146.64033325837
0.180000000000291	2159.85189332458
0.200000000000273	2193.50783221287
0.220000000000255	2111.78864610802
0.240000000000236	2093.21080115842
0.260000000000218	2046.19747924513
0.280000000000200	2058.16468339634
0.300000000000182	2025.48089756664
0.320000000000164	1991.99022469831
0.340000000000146	1985.21431787995
0.360000000000127	1978.76894310152
0.380000000000109	1985.27264706347
0.400000000000091	1950.75149195303
0.420000000000073	1956.17610601995
0.440000000000055	1948.09751410309
0.460000000000036	1912.83752266813
0.480000000000018	1906.80045217430
0.500000000000000	1899.26626597025
0.519999999999982	1895.83456567344
0.539999999999964	1900.50090035466
0.559999999999945	1876.77064419454
0.579999999999927	1896.10676852984
0.599999999999909	1884.09095672570
0.619999999999891	1899.23710137849
0.639999999999873	1880.83424397943
0.660000000000309	1879.51211581976
0.680000000000291	1866.14501126418
0.700000000000273	1863.58824872010
0.720000000000255	1866.32972034531
0.740000000000237	1867.75878534144
0.760000000000218	1840.83986714915
0.780000000000200	1844.32989662948
0.800000000000182	1871.56962533110
0.820000000000164	1828.26020657103
0.840000000000146	1889.61278609848
0.860000000000127	1826.33534351503
0.880000000000109	1845.57425254447
0.900000000000091	1823.26333984989
0.920000000000073	1807.14504213852
0.940000000000055	1865.49366871493
0.960000000000036	1821.72733801733
0.980000000000018	1810.48924866006
1	1829.67955003657
1.01999999999998	1821.52318587502
1.03999999999996	1802.58564429374
1.05999999999995	1806.89228234328
1.07999999999993	1836.98041950656
1.09999999999991	1812.42383324665
1.11999999999989	1796.01388961769
1.13999999999987	1789.09215984055
1.16000000000031	1795.77085135305
1.18000000000029	1796.53885226933
1.20000000000027	1448.63443719269
1.22000000000025	1685.57730216218
1.24000000000024	1757.60412227291
1.26000000000022	1782.46207598099
1.28000000000020	1756.96250125424
1.30000000000018	1761.27886083437
1.32000000000016	1754.97930901472
1.34000000000015	1743.47873833163
1.36000000000013	1710.58107882904
1.38000000000011	1744.37311914554
1.40000000000009	1823.65220107333
1.42000000000007	1875.77904807478
1.44000000000005	1800.21359083079
1.46000000000004	1838.98305480725
1.48000000000002	1844.30073203772
1.50000000000000	1739.33736630205
1.51999999999998	1786.56456188822
1.53999999999996	1816.88601578556
1.55999999999995	1764.03005399017
1.57999999999993	1728.53674582115
1.59999999999991	1783.73559648773
1.61999999999989	1872.00709420746
1.63999999999987	1682.79694441462
1.66000000000031	1873.85418501878
1.68000000000029	1871.40435931114
1.70000000000027	1838.68168735909
1.72000000000025	1703.27048782846
1.74000000000024	1800.96214868590
1.76000000000022	1837.76786348402
1.78000000000020	1863.07300759904
1.80000000000018	1800.38857838134
1.82000000000016	1802.56620123257
1.84000000000015	1720.51648308780
1.86000000000013	1793.41824095126
1.88000000000011	1872.29874012504
1.90000000000009	1827.80329463350
1.92000000000007	1920.41059499452
1.94000000000005	1851.56271538537
1.96000000000004	1798.99839950756
1.98000000000002	1857.10398781932
2	1812.19051651259
2.01999999999998	1775.19037110275
2.03999999999996	1768.84221163018
2.05999999999995	1760.30670777578
2.07999999999993	1812.64742845012
2.09999999999991	1851.75714599709
2.11999999999989	1849.55035855410
2.13999999999987	1805.84235704001
2.16000000000031	1782.41346832806
2.18000000000029	1850.82387906084
2.20000000000027	1807.46585264785
2.22000000000025	1764.56473817239
2.24000000000024	1664.33575783204
2.26000000000022	1619.37367887238
2.28000000000020	1599.01679382556
2.30000000000018	1681.90256360072
2.32000000000016	1637.20296596687
2.34000000000015	1628.83272813243
2.36000000000013	1603.66368544561
2.38000000000011	1589.68412446312
2.40000000000009	1631.39921220711
2.42000000000007	1681.03734737857
2.44000000000005	1643.10393503250
2.46000000000004	1606.12323268384
2.48000000000002	1639.56529789924
2.50000000000000	1656.91822999502
2.51999999999998	1651.78526184568
2.53999999999996	1691.41022051370
2.55999999999995	1579.73899867378
2.57999999999993	1585.80523375936
2.59999999999991	1576.08370317349
2.61999999999989	1630.65065435199
2.63999999999987	1550.92438201725
2.66000000000031	1625.08021732629
2.68000000000029	1590.38407466531
2.70000000000027	1572.17564787797
2.72000000000025	1640.59578014134
2.74000000000024	1601.52494871672
2.76000000000022	1540.27930602572
2.78000000000020	1538.55859511202
2.80000000000018	1531.53965002902
2.82000000000016	1569.52167002802
2.84000000000015	1579.93342928549
2.86000000000013	1567.36349023796
2.88000000000011	1533.29924706506
2.90000000000009	1573.29362389534
2.92000000000007	1593.62134435040
2.94000000000005	1523.83047627442
2.96000000000004	1602.12768361304
2.98000000000002	1576.78365337567
3	1527.15523973479
3.01999999999998	1529.92587595176
3.03999999999996	1449.09134913023
3.05999999999995	1548.72731610484
3.07999999999993	1561.49168576409
3.09999999999991	1575.59762664419
3.11999999999989	1502.35561521023
3.13999999999987	1544.79009621756
3.16000000000031	1576.69615960040
3.18000000000029	1608.43695696327
3.20000000000027	1517.34621537364
3.22000000000025	1477.96429497027
3.24000000000024	1523.49022270391
3.26000000000022	1649.68541123913
3.28000000000020	1613.29772225621
3.30000000000018	1606.32738482614
3.32000000000016	1526.77610004194
3.34000000000015	1491.06891820003
3.36000000000013	1482.83478179379
3.38000000000011	1542.29166285699
3.40000000000009	1620.19028744159
3.42000000000007	1644.80520288502
3.44000000000005	1550.70078681377
3.46000000000004	1612.75331654340
3.48000000000002	1478.31427007136
3.50000000000000	1552.44094078864
3.51999999999998	1575.37403144072
3.53999999999996	1501.61677888570
3.55999999999995	1493.74233911114
3.57999999999993	1498.12674940537
3.59999999999991	1466.67759796007
3.61999999999989	1455.57561003101
3.63999999999987	1454.59373544183
3.66000000000031	1563.59153637064
3.68000000000029	1491.18557656706
3.70000000000027	1410.75935403013
3.72000000000025	1446.48597893321
3.74000000000024	1442.92789873879
3.76000000000022	1447.74005637879
3.78000000000020	1517.90034261704
3.80000000000018	1477.91568731734
3.82000000000016	1560.40287433847
3.84000000000015	1463.19729001033
3.86000000000013	1491.01058901651
3.88000000000011	1453.14522738454
3.90000000000009	1434.46044559849
3.92000000000007	1444.15281159261
3.94000000000005	1470.15790590982
3.96000000000004	1438.18379181288
3.98000000000002	1357.94227835708
4	1449.06218453847
4.01999999999998	1412.48006494383
4.03999999999996	1497.18376093854
4.05999999999995	1434.91735753603
4.07999999999993	1380.16569727639
4.09999999999991	1336.48686035406
4.11999999999989	1454.07849432078
4.13999999999987	1411.29403821235
4.16000000000031	1419.83926359734
4.18000000000029	1434.45072406790
4.20000000000027	1374.60498178127
4.22000000000026	1359.38106488379
4.24000000000024	1479.22809394644
4.26000000000022	1378.79496146378
4.28000000000020	1472.55912396453
4.30000000000018	1416.00898054650
4.32000000000016	1329.25404159817
4.34000000000015	1288.53054997395
4.36000000000013	1254.00939486352
4.38000000000011	1314.53564429116
4.40000000000009	1277.44800510606
4.42000000000007	1240.64229030794
4.44000000000006	1159.97302950637
4.46000000000004	1151.03894289795
4.48000000000002	1136.20388722391
4.50000000000000	1115.53591319834
4.51999999999998	1046.38666614103
4.53999999999996	1013.65427265839
4.55999999999995	985.277124878228
4.57999999999993	983.478641719842
4.59999999999991	947.917282836718
4.61999999999989	920.570617298658
4.63999999999987	908.020121312295
4.66000000000031	869.853392232158
4.68000000000029	866.480021118860
4.70000000000027	848.047999128045
4.72000000000026	871.476887839999
4.74000000000024	823.433083684614
4.76000000000022	820.429130733580
4.78000000000020	798.944548138800
4.80000000000018	793.753250805944
4.82000000000016	776.516977077191
4.84000000000015	760.865312833936
4.86000000000013	753.058923773480
4.88000000000011	755.217103563544
4.90000000000009	732.177076075025
4.92000000000007	726.208056295299
4.94000000000006	704.247118701812
4.96000000000004	708.971782566546
4.98000000000002	691.220267716742
5	699.503011775905
5.01999999999998	719.539086313390
5.03999999999996	638.199039901391
5.05999999999995	666.634516865069
5.07999999999993	652.859108024887
5.09999999999991	651.886954966300
5.11999999999989	645.159655800876
5.13999999999987	637.596305005066
5.16000000000031	627.388697889900
5.18000000000029	619.144839953079
5.20000000000027	601.714135612609
5.22000000000026	612.505034562928
5.24000000000024	586.888801469153
5.26000000000022	599.828158678950
5.28000000000020	595.599292874095
5.30000000000018	573.560583035921
5.32000000000016	614.079922517840
5.34000000000015	569.565033965127
5.36000000000013	565.394497343788
5.38000000000011	548.284603512651
5.40000000000009	570.819111410705
5.42000000000007	552.766229112739
5.44000000000006	553.961977374801
5.46000000000004	497.752087527283
5.48000000000002	536.443779259058
5.50000000000000	535.335524772268
5.51999999999998	521.025431749863
5.53999999999996	523.329434498715
5.55999999999995	482.061537161684
5.57999999999993	511.138635144030
5.59999999999991	492.181650501578
5.61999999999989	505.723742607699
5.63999999999987	487.700024901491
5.66000000000031	498.918671197588
5.68000000000029	480.768573593763
5.70000000000027	476.063352790201
5.72000000000026	479.028419618892
5.74000000000024	438.499358606387
5.76000000000022	469.647142603524
5.78000000000020	471.737271679487
5.80000000000018	470.395700458637
5.82000000000016	464.105870169577
5.84000000000015	442.980984206475
5.86000000000013	454.831529990654
5.88000000000011	451.088740715093
5.90000000000009	481.731005121765
5.92000000000007	450.311018268223
5.94000000000006	432.646997193692
5.96000000000004	431.704008726862
5.98000000000002	490.878965403071
6	431.354033625771
6.01999999999998	419.921513656784
6.03999999999996	422.594934567899
6.05999999999995	417.209206623325
6.07999999999993	422.468554670283
6.09999999999991	409.393096032284
6.11999999999989	350.781988130055
6.13999999999987	409.859729500406
6.16000000000031	407.108536344603
6.18000000000029	390.679149654478
6.20000000000027	402.150555745808
6.22000000000026	391.874897916540
6.24000000000024	386.226688646148
6.26000000000022	368.825148897436
6.28000000000020	380.675694681615
6.30000000000018	373.997003169120
6.32000000000016	382.172810391839
6.34000000000015	368.582110632789
6.36000000000013	397.707816268064
6.38000000000011	365.646208395855
6.40000000000009	318.438455870856
6.42000000000007	357.655110254268
6.44000000000006	347.962744260152
6.46000000000004	350.577835987752
6.48000000000002	361.913140650880
6.50000000000000	347.632212220233
6.51999999999998	344.774082227986
6.53999999999996	328.461353904891
6.55999999999995	326.225401870140
6.57999999999993	341.216002033556
6.59999999999991	345.026842023219
6.61999999999989	346.922540487464
6.63999999999987	323.843626876601
6.66000000000031	334.984500928012
6.68000000000029	328.228037170830
6.70000000000027	323.435322591995
6.72000000000026	320.509141885647
6.74000000000024	329.414063902307
6.76000000000022	330.434824613823
6.78000000000020	344.997677431461
6.80000000000018	323.668639326056
6.82000000000016	322.521498716923
6.84000000000015	314.540122105921
6.86000000000013	327.528086968647
6.88000000000011	307.871152124012
6.90000000000009	306.471251719646
6.92000000000007	290.916802782249
6.94000000000006	299.345369800201
6.96000000000004	301.202182142103
6.98000000000002	299.005116229696
7	299.948104696525
7.01999999999998	290.547384619986
7.03999999999996	302.981222239318
7.05999999999995	292.511133798333
7.07999999999993	298.703748781534
7.09999999999991	288.583635441640
7.11999999999989	295.651188177570
7.13999999999987	292.550019920676
7.16000000000031	313.840171903738
7.18000000000029	282.118817602034
7.20000000000027	283.985351474522
7.22000000000026	266.749077745769
7.24000000000024	274.098554868689
7.26000000000022	279.775928730839
7.28000000000020	267.546243253811
7.30000000000018	305.061629784695
7.32000000000016	271.716779875150
7.34000000000015	243.728493318422
7.36000000000013	253.177821047890
7.38000000000011	269.607207738016
7.40000000000009	257.445572975089
7.42000000000007	249.396145649986
7.44000000000006	241.103680060236
7.46000000000004	236.184585583784
7.48000000000002	215.604105333491
7.50000000000000	230.847465292140
7.51999999999998	236.466509970775
7.53999999999996	234.181950283095
7.55999999999995	221.777277255521
7.57999999999993	228.640677849147
7.59999999999991	216.479043086220
7.61999999999989	172.965472183852
7.63999999999987	210.714175448797
7.66000000000031	227.931006116378
7.68000000000029	207.681057906005
7.70000000000027	217.441474614221
7.72000000000026	165.236855368083
7.74000000000024	212.007139016718
7.76000000000022	180.869076550167
7.78000000000020	209.926731471342
7.80000000000018	228.524019482117
7.82000000000016	214.952762784238
7.84000000000015	217.402588491878
7.86000000000013	270.452980898987
7.88000000000011	213.387596359912
7.90000000000009	201.546772106319
7.92000000000007	197.405400076737
7.94000000000006	195.373600184290
7.96000000000004	200.632948231247
7.98000000000002	208.517109536390
8	173.150181264984
8.01999999999998	207.058879948509
8.03999999999996	199.028895684578
8.05999999999995	233.754202937316
8.07999999999993	218.851096549173
8.09999999999991	200.020491804337
8.11999999999989	208.954578412754
8.13999999999987	193.312635700085
8.16000000000031	188.033844591955
8.18000000000029	201.566215167491
8.20000000000027	166.199286896085
8.22000000000026	191.912735295719
8.24000000000024	189.103212956402
8.26000000000022	182.356470729806
8.28000000000020	187.732477143793
8.30000000000018	183.221686951948
8.32000000000016	180.528822979662
8.34000000000015	175.075044320987
8.36000000000013	168.833821684856
8.38000000000011	171.429470351284
8.40000000000009	167.122832301743
8.42000000000007	161.581559867795
8.44000000000006	178.273427883739
8.46000000000004	164.429968329456
8.48000000000002	120.896954365917
8.50000000000000	152.647473259378
8.51999999999998	152.423878055903
8.53999999999996	148.924127044988
8.55999999999995	146.182655419772
8.57999999999993	164.167487003637
8.59999999999991	152.307219688872
8.61999999999989	148.788025616786
8.63999999999987	158.344290182699
8.66000000000031	153.143271319257
8.68000000000029	146.668731949066
8.70000000000027	148.204733781634
8.72000000000026	158.042922734537
8.74000000000024	141.078851862189
8.76000000000022	178.467858495456
8.78000000000020	135.722288509373
8.80000000000018	135.605630142342
8.82000000000016	139.212317989701
8.84000000000015	146.727061132581
8.86000000000013	148.486658168624
8.88000000000011	133.865476167471
8.90000000000009	141.341333188007
8.92000000000007	135.158439735392
8.94000000000006	123.375944665314
8.96000000000004	136.849986057334
8.98000000000002	133.321070454662
9	132.757221680682
9.01999999999998	124.863338844953
9.03999999999996	129.529673526172
9.05999999999995	139.319254826146
9.07999999999993	125.193870884872
9.09999999999991	132.776664741853
9.11999999999989	126.204910065803
9.13999999999987	132.504461885449
9.16000000000031	131.755904030337
9.18000000000029	114.140490608735
9.20000000000027	117.533304783205
9.22000000000026	126.817366492713
9.24000000000024	125.213313946044
9.26000000000022	127.731190367785
9.28000000000020	70.6171981757815
9.30000000000018	117.368038763245
9.32000000000016	74.8849501029797
9.34000000000015	111.204588371801
9.36000000000013	100.812272175503
9.38000000000011	108.531167460686
9.40000000000009	104.739770532196
9.42000000000007	126.652100472753
9.44000000000006	107.082659403391
9.46000000000004	106.586861343512
9.48000000000002	94.6974294369888
9.50000000000000	105.575822162581
9.51999999999998	130.900409338780
9.53999999999996	93.5211242360982
9.55999999999995	150.878154692749
9.57999999999993	101.988577376394
9.59999999999991	109.581092763960
9.61999999999989	102.552426150374
9.63999999999987	115.102922136736
9.66000000000031	100.102600442734
9.68000000000029	110.825448678952
9.70000000000027	53.9739378127669
9.72000000000026	99.6845746275417
9.74000000000024	102.367717069243
9.76000000000022	96.2528743307286
9.78000000000020	96.8264446352951
9.80000000000018	104.749492062782
9.82000000000016	106.616025935269
9.84000000000015	107.325697668038
9.86000000000013	100.705335339058
9.88000000000011	91.1879568954887
9.90000000000009	94.5613280087866
9.92000000000007	41.6470370298799
9.94000000000006	105.721645121369
9.96000000000004	93.5114027055124
9.98000000000002	106.470202976481
10	95.1446198439390
10.0200000000000	112.264235205661
10.0400000000000	102.532983089203
10.0599999999999	86.9007619071188
10.0799999999999	94.5418849476149
10.0999999999999	94.9987968851509
10.1199999999999	95.7862408626066
10.1399999999999	99.1401689147328
10.1600000000003	92.9864400538752
10.1800000000003	93.1808706655927
10.2000000000003	70.5783120534380
10.2200000000003	97.8860914691552
10.2400000000002	90.5560574074070
10.2600000000002	93.8905423983614
10.2800000000002	97.6624962656802
10.3000000000002	104.030098799427
10.3200000000002	94.8238093346052
10.3400000000001	40.2276935643425
10.3600000000001	98.3041172843477
10.3800000000001	92.0920592399749
10.4000000000001	87.1146355800079
10.4200000000001	94.8918600487064
10.4400000000001	83.7218214055383
10.4600000000000	88.5437005761312
10.4800000000000	66.2813955344821
10.5000000000000	89.4283598594457
10.5200000000000	92.1017807705608
10.5400000000000	91.6448688330248
10.5599999999999	88.9131187383944
10.5799999999999	108.161749298423
10.5999999999999	125.388301496590
10.6199999999999	78.5305240726821
10.6399999999999	88.6603589431617
10.6600000000003	89.4769675123750
10.6800000000003	83.6246060996795
10.7000000000003	88.0867886385952
10.7200000000003	79.7554369265021
10.7400000000002	90.9351971002560
10.7600000000002	83.0413142645272
10.7800000000002	89.1172708806978
10.8000000000002	85.6077983391976
10.8200000000002	103.796782065366
10.8400000000001	80.8831344744634
10.8600000000001	139.222039520287
10.8800000000001	90.6435511826798
10.9000000000001	82.5552377352335
10.9200000000001	84.7717467088125
10.9400000000001	83.3524032432751
10.9600000000000	84.7523036476408
10.9800000000000	93.1225414820775
11	86.2591408884511
11.0200000000000	82.8566051833956
11.0400000000000	70.0339063406291
11.0599999999999	91.8198563835705
11.0799999999999	96.5347987177188
11.0999999999999	80.0568043746641
11.1199999999999	88.2812192503127
11.1399999999999	111.535120411721
11.1600000000003	89.5450182264762
11.1800000000003	78.6957900926419
11.2000000000003	92.2670467905206
11.2200000000003	82.5163516128900
11.2400000000002	76.9750791789424
11.2600000000002	86.9396480294622
11.2800000000002	78.1319413186613
11.3000000000002	72.3865167424103
11.3200000000002	79.5026771312694
11.3400000000001	89.6325120017490
11.3600000000001	82.6718961022640
11.3800000000001	81.6608569213332
11.4000000000001	86.3174700719663
11.4200000000001	74.5155319407165
11.4400000000001	79.4249048865824
11.4600000000000	0.0